-4.000000000000000000e+00 -4.000000000000000000e+00 9.500000000000000111e-02 -5.367231638418078488e-01
-3.900685518776938032e+00 -4.027310987845005741e+00 2.849999999999999756e-01 5.367231638418078488e-01
-3.607566538454023419e+00 -4.125109604980110589e+00 9.500000000000000111e-02 -5.367231638418078488e-01
-3.508252057230961451e+00 -4.152420592825116330e+00 2.849999999999999756e-01 5.367231638418078488e-01
-3.215133076908046839e+00 -4.250219209960221178e+00 3.800000000000000044e-01 0.000000000000000000e+00
-2.797133076908047578e+00 -4.250219209960221178e+00 2.849999999999999756e-01 5.367231638418078488e-01
-2.499189633238861230e+00 -4.168286246425203956e+00 3.800000000000000600e-01 0.000000000000000000e+00
-2.151948428984178818e+00 -3.935589993623925587e+00 2.849999999999999756e-01 5.367231638418078488e-01
-1.950051906056011752e+00 -3.701664577799564704e+00 9.500000000000000111e-02 -5.367231638418078488e-01
-1.887033073535479222e+00 -3.620191373705059057e+00 9.500000000000000111e-02 5.367231638418078488e-01
-1.819734232559424125e+00 -3.542216235096938615e+00 2.849999999999999756e-01 -5.367231638418078488e-01
-1.630677734997824757e+00 -3.297796622813421230e+00 9.500000000000000111e-02 5.367231638418078488e-01
-1.563378894021769661e+00 -3.219821484205300788e+00 9.500000000000000111e-02 -5.367231638418078488e-01
-1.500360061501237130e+00 -3.138348280110794697e+00 2.849999999999999756e-01 5.367231638418078488e-01
-1.298463538573070064e+00 -2.904422864286433814e+00 9.500000000000000111e-02 -5.367231638418078488e-01
-1.235444706052537533e+00 -2.822949660191928167e+00 9.500000000000000111e-02 5.367231638418078488e-01
-1.168145865076482437e+00 -2.744974521583808169e+00 9.500000000000000111e-02 -5.367231638418078488e-01
-1.105127032555949906e+00 -2.663501317489302522e+00 3.800000000000000044e-01 0.000000000000000000e+00
-7.578858283012639419e-01 -2.430805064688025485e+00 1.900000000000000022e-01 0.000000000000000000e+00
-5.842652261739251784e-01 -2.314456938287384524e+00 3.800000000000000044e-01 0.000000000000000000e+00
-2.370240219192378817e-01 -2.081760685486107487e+00 9.500000000000000111e-02 -5.367231638418078488e-01
-1.393176951449328627e-01 -2.049161146441073278e+00 9.500000000000000111e-02 5.367231638418078488e-01
-4.000321392187089486e-02 -2.021850158596067981e+00 3.800000000000000600e-01 0.000000000000000000e+00
3.072379903328164019e-01 -1.789153905794790944e+00 1.900000000000000300e-01 0.000000000000000000e+00
4.808585924601551653e-01 -1.672805779394149983e+00 1.900000000000000300e-01 0.000000000000000000e+00
6.544791945874939287e-01 -1.556457652993509022e+00 3.800000000000000600e-01 0.000000000000000000e+00
1.001720398842181226e+00 -1.323761400192231985e+00 1.900000000000000300e-01 0.000000000000000000e+00
1.175341000969519989e+00 -1.207413273791591024e+00 2.849999999999999756e-01 5.367231638418078488e-01
1.377237523897687055e+00 -9.734878579672310295e-01 3.800000000000000044e-01 0.000000000000000000e+00
1.536158356109381451e+00 -5.868767237649903379e-01 1.900000000000000022e-01 0.000000000000000000e+00
1.615618772215223764e+00 -3.935711566638699921e-01 1.900000000000000022e-01 0.000000000000000000e+00
1.695079188321066077e+00 -2.002655895627496463e-01 1.900000000000000022e-01 0.000000000000000000e+00
1.774539604426908390e+00 -6.960022461629300494e-03 1.900000000000000022e-01 0.000000000000000000e+00
1.854000020532750703e+00 1.863455446394910453e-01 3.800000000000000044e-01 0.000000000000000000e+00
2.012920852744445099e+00 5.729566788417317369e-01 3.800000000000000044e-01 0.000000000000000000e+00
2.171841684956139495e+00 9.595678130439724285e-01 2.849999999999999756e-01 -5.367231638418078488e-01
2.360898182517739308e+00 1.203987425327489369e+00 9.500000000000000111e-02 5.367231638418078488e-01
2.428197023493797069e+00 1.281962563935609367e+00 3.800000000000000044e-01 0.000000000000000000e+00
2.587117855705491465e+00 1.668573698137850059e+00 3.800000000000000044e-01 0.000000000000000000e+00
2.746038687917185861e+00 2.055184832340090750e+00 3.800000000000000044e-01 0.000000000000000000e+00
2.904959520128880257e+00 2.441795966542331442e+00 9.500000000000000111e-02 -5.367231638418078488e-01
2.967978352649415008e+00 2.523269170636837089e+00 2.849999999999999756e-01 5.367231638418078488e-01
3.169874875577580298e+00 2.757194586461197083e+00 2.849999999999999756e-01 -5.367231638418078488e-01
3.358931373139178334e+00 3.001614198744713136e+00 2.849999999999999756e-01 5.367231638418078488e-01
3.560827896067344511e+00 3.235539614569075795e+00 3.800000000000000044e-01 0.000000000000000000e+00
3.719748728279029137e+00 3.622150748771316486e+00 2.849999999999999756e-01 -5.367231638418078488e-01
8.908805225840627173e+00 8.866570361054835203e+00 0.000000000000000000e+00 0.000000000000000000e+00
